MAIN_HEADER
Torin,21,3,0
INPUT_HEADER
W,,S,,A,,D,,E,,P,,Q,,,,DU,,DD,,DL,,DR,,GA,,SRT,,GB,,,,
TRAINER_HEADER
Torin,0,23,44,1,0
ITEM_HEADER
0,3
1,0
2,0
3,0
4,1
5,2
6,0
ROSTER_HEADER
0,Baroot,0,10,30,555,6,2,3,1,8,0,0,0,0,0,0,0,0,7,2,4,5,5,10,10,10
1,Fitty,1,15,38,0,0,12,4,4,14,0,0,0,0,0,0,0,0,6,2,4,5,10,10,10,10
2,Baroot,0,10,31,0,6,2,3,1,8,0,0,0,0,0,0,0,0,7,2,4,5,5,10,10,10
3,Fitty,1,15,38,0,0,12,4,4,14,0,0,0,0,0,0,0,0,6,2,4,5,10,10,10,10
4,Baroot,0,10,31,0,6,2,3,1,8,0,0,0,0,0,0,0,0,7,2,4,5,5,10,10,10
5,Fitty,1,15,38,0,0,12,4,4,14,0,0,0,0,0,0,0,0,6,2,4,5,10,10,10,10
PC_HEADER
0,0,Baroot,0,3,16,0,7,0,1,1,9,0,0,0,0,0,0,0,0,-1,-1,-1,-1,0,0,0,0
0,1,Baroot,0,8,27,0,8,7,14,4,0,0,0,0,0,0,0,0,0,-1,-1,-1,-1,0,0,0,0
0,2,Baroot,0,4,18,0,8,13,0,8,10,0,0,0,0,0,0,0,0,-1,-1,-1,-1,0,0,0,0
RENDERER_HEADER
2,1,1
